# Created by Octave 4.0.3, Sun Jul 14 10:06:50 2024 CST <Carely@MacBook-Pro-de-mac.local>
# name: IAR
# type: matrix
# rows: 13
# columns: 1
 3.818181818181818
 0
 6.909090909090909
 2.545454545454545
 3.272727272727273
 0
 0
 1.454545454545455
 17.81818181818182
 5.636363636363637
 0.9090909090909091
 1.454545454545455
 0


