# Created by Octave 4.0.3, Thu Jul 11 05:03:00 2024 CST <Carely@MacBook-Pro-de-mac.local>
# name: LIs2
# type: matrix
# rows: 20
# columns: 5
 1 5 3 0.03267326732673267 0.0001317953577535972
 1 8 1 0.01485148514851485 4.901480247034601e-05
 1 11 19 0.01287128712871287 2.287357448616148e-05
 3 1 15 0.01485148514851485 7.079915912383317e-05
 3 9 17 0.01089108910891089 9.802960494069202e-06
 4 9 7 0.01287128712871287 4.465793113964861e-05
 4 12 9 0.01188118811881188 1.74274853227897e-05
 5 1 2 0.01089108910891089 9.802960494069205e-06
 5 8 1 0.009900990099009899 3.343628375672285e-36
 5 9 1 0.009900990099009899 3.343628375672285e-36
 8 1 1 0.01485148514851485 4.901480247034601e-05
 8 5 1 0.009900990099009899 3.343628375672285e-36
 9 1 2 0.01584158415841584 2.614122798418454e-05
 9 5 1 0.009900990099009899 3.343628375672285e-36
 9 8 2 0.01683168316831683 4.465793113964861e-05
 10 3 5 0.0297029702970297 0.000174274853227897
 10 4 19 0.01584158415841584 4.792558463767167e-05
 10 8 18 0.01188118811881188 1.742748532278969e-05
 10 11 21 0.01881188118811881 0.000140509100414992
 10 12 4 0.04356435643564356 0.0001132786545981331


